LECROYWP735Zi	47716	Histogram
Segments	1	SegmentSize	976
Segment	TrigTime	TimeSinceSegment1
#1	10-Jul-2025 12:05:29	0                 
Time	Ampl
-1.452e-009	0
-1.45e-009	0
-1.448e-009	0
-1.446e-009	0
-1.444e-009	0
-1.442e-009	0
-1.44e-009	0
-1.438e-009	0
-1.436e-009	0
-1.434e-009	0
-1.432e-009	0
-1.43e-009	0
-1.428e-009	0
-1.426e-009	0
-1.424e-009	0
-1.422e-009	0
-1.42e-009	0
-1.418e-009	0
-1.416e-009	0
-1.414e-009	0
-1.412e-009	0
-1.41e-009	0
-1.408e-009	0
-1.406e-009	0
-1.404e-009	0
-1.402e-009	0
-1.4e-009	0
-1.398e-009	0
-1.396e-009	0
-1.394e-009	0
-1.392e-009	0
-1.39e-009	0
-1.388e-009	0
-1.386e-009	0
-1.384e-009	0
-1.382e-009	0
-1.38e-009	0
-1.378e-009	0
-1.376e-009	0
-1.374e-009	0
-1.372e-009	0
-1.37e-009	0
-1.368e-009	0
-1.366e-009	0
-1.364e-009	0
-1.362e-009	0
-1.36e-009	0
-1.358e-009	0
-1.356e-009	0
-1.354e-009	0
-1.352e-009	0
-1.35e-009	0
-1.348e-009	0
-1.346e-009	0
-1.344e-009	0
-1.342e-009	0
-1.34e-009	0
-1.338e-009	0
-1.336e-009	0
-1.334e-009	0
-1.332e-009	0
-1.33e-009	0
-1.328e-009	0
-1.326e-009	0
-1.324e-009	0
-1.322e-009	0
-1.32e-009	0
-1.318e-009	0
-1.316e-009	0
-1.314e-009	0
-1.312e-009	0
-1.31e-009	0
-1.308e-009	0
-1.306e-009	0
-1.304e-009	0
-1.302e-009	0
-1.3e-009	0
-1.298e-009	0
-1.296e-009	0
-1.294e-009	0
-1.292e-009	0
-1.29e-009	0
-1.288e-009	0
-1.286e-009	0
-1.284e-009	0
-1.282e-009	0
-1.28e-009	0
-1.278e-009	0
-1.276e-009	0
-1.274e-009	0
-1.272e-009	0
-1.27e-009	0
-1.268e-009	0
-1.266e-009	0
-1.264e-009	0
-1.262e-009	0
-1.26e-009	0
-1.258e-009	0
-1.256e-009	0
-1.254e-009	0
-1.252e-009	0
-1.25e-009	0
-1.248e-009	0
-1.246e-009	0
-1.244e-009	0
-1.242e-009	0
-1.24e-009	0
-1.238e-009	0
-1.236e-009	0
-1.234e-009	0
-1.232e-009	0
-1.23e-009	0
-1.228e-009	0
-1.226e-009	0
-1.224e-009	0
-1.222e-009	0
-1.22e-009	0
-1.218e-009	0
-1.216e-009	0
-1.214e-009	0
-1.212e-009	0
-1.21e-009	0
-1.208e-009	0
-1.206e-009	0
-1.204e-009	0
-1.202e-009	0
-1.2e-009	0
-1.198e-009	0
-1.196e-009	0
-1.194e-009	0
-1.192e-009	0
-1.19e-009	0
-1.188e-009	0
-1.186e-009	0
-1.184e-009	0
-1.182e-009	0
-1.18e-009	0
-1.178e-009	0
-1.176e-009	0
-1.174e-009	0
-1.172e-009	0
-1.17e-009	0
-1.168e-009	0
-1.166e-009	0
-1.164e-009	0
-1.162e-009	0
-1.16e-009	0
-1.158e-009	0
-1.156e-009	0
-1.154e-009	0
-1.152e-009	0
-1.15e-009	0
-1.148e-009	0
-1.146e-009	0
-1.144e-009	0
-1.142e-009	0
-1.14e-009	0
-1.138e-009	0
-1.136e-009	0
-1.134e-009	0
-1.132e-009	0
-1.13e-009	0
-1.128e-009	0
-1.126e-009	0
-1.124e-009	0
-1.122e-009	0
-1.12e-009	0
-1.118e-009	0
-1.116e-009	0
-1.114e-009	0
-1.112e-009	0
-1.11e-009	0
-1.108e-009	0
-1.106e-009	0
-1.104e-009	0
-1.102e-009	0
-1.1e-009	0
-1.098e-009	0
-1.096e-009	0
-1.094e-009	0
-1.092e-009	0
-1.09e-009	0
-1.088e-009	0
-1.086e-009	0
-1.084e-009	0
-1.082e-009	0
-1.08e-009	0
-1.078e-009	0
-1.076e-009	0
-1.074e-009	0
-1.072e-009	0
-1.07e-009	0
-1.068e-009	0
-1.066e-009	0
-1.064e-009	0
-1.062e-009	0
-1.06e-009	0
-1.058e-009	0
-1.056e-009	0
-1.054e-009	0
-1.052e-009	0
-1.05e-009	0
-1.048e-009	0
-1.046e-009	0
-1.044e-009	0
-1.042e-009	0
-1.04e-009	0
-1.038e-009	0
-1.036e-009	0
-1.034e-009	0
-1.032e-009	0
-1.03e-009	0
-1.028e-009	0
-1.026e-009	0
-1.024e-009	0
-1.022e-009	0
-1.02e-009	0
-1.018e-009	0
-1.016e-009	0
-1.014e-009	0
-1.012e-009	0
-1.01e-009	0
-1.008e-009	0
-1.006e-009	0
-1.004e-009	0
-1.002e-009	0
-1e-009	0
-9.98e-010	0
-9.96e-010	0
-9.94e-010	0
-9.92e-010	0
-9.9e-010	0
-9.88e-010	0
-9.86e-010	1
-9.84e-010	0
-9.82e-010	0
-9.8e-010	0
-9.78e-010	0
-9.76e-010	0
-9.74e-010	0
-9.72e-010	0
-9.7e-010	0
-9.68e-010	0
-9.66e-010	0
-9.64e-010	0
-9.62e-010	0
-9.6e-010	0
-9.58e-010	0
-9.56e-010	0
-9.54e-010	0
-9.52e-010	0
-9.5e-010	0
-9.48e-010	1
-9.46e-010	0
-9.44e-010	0
-9.42e-010	1
-9.4e-010	0
-9.38e-010	0
-9.36e-010	0
-9.34e-010	0
-9.32e-010	0
-9.3e-010	0
-9.28e-010	0
-9.26e-010	0
-9.24e-010	0
-9.22e-010	0
-9.2e-010	0
-9.18e-010	0
-9.16e-010	0
-9.14e-010	0
-9.12e-010	0
-9.1e-010	0
-9.08e-010	0
-9.06e-010	0
-9.04e-010	0
-9.02e-010	0
-9e-010	0
-8.98e-010	0
-8.96e-010	0
-8.94e-010	0
-8.92e-010	0
-8.9e-010	0
-8.88e-010	0
-8.86e-010	0
-8.84e-010	0
-8.82e-010	0
-8.8e-010	0
-8.78e-010	0
-8.76e-010	0
-8.74e-010	0
-8.72e-010	0
-8.7e-010	0
-8.68e-010	0
-8.66e-010	0
-8.64e-010	0
-8.62e-010	0
-8.6e-010	0
-8.58e-010	0
-8.56e-010	0
-8.54e-010	0
-8.52e-010	0
-8.5e-010	0
-8.48e-010	0
-8.46e-010	0
-8.44e-010	0
-8.42e-010	0
-8.4e-010	1
-8.38e-010	0
-8.36e-010	0
-8.34e-010	0
-8.32e-010	0
-8.3e-010	0
-8.28e-010	1
-8.26e-010	0
-8.24e-010	0
-8.22e-010	0
-8.2e-010	0
-8.18e-010	0
-8.16e-010	0
-8.14e-010	0
-8.12e-010	0
-8.1e-010	0
-8.08e-010	0
-8.06e-010	0
-8.04e-010	0
-8.02e-010	0
-8e-010	0
-7.98e-010	2
-7.96e-010	0
-7.94e-010	0
-7.92e-010	0
-7.9e-010	0
-7.88e-010	2
-7.86e-010	1
-7.84e-010	0
-7.82e-010	0
-7.8e-010	0
-7.78e-010	0
-7.76e-010	0
-7.74e-010	2
-7.72e-010	0
-7.7e-010	0
-7.68e-010	0
-7.66e-010	0
-7.64e-010	0
-7.62e-010	0
-7.6e-010	1
-7.58e-010	0
-7.56e-010	0
-7.54e-010	1
-7.52e-010	0
-7.5e-010	0
-7.48e-010	1
-7.46e-010	1
-7.44e-010	0
-7.42e-010	0
-7.4e-010	0
-7.38e-010	0
-7.36e-010	1
-7.34e-010	0
-7.32e-010	0
-7.3e-010	0
-7.28e-010	0
-7.26e-010	0
-7.24e-010	1
-7.22e-010	0
-7.2e-010	4
-7.18e-010	1
-7.16e-010	0
-7.14e-010	1
-7.12e-010	1
-7.1e-010	0
-7.08e-010	2
-7.06e-010	0
-7.04e-010	1
-7.02e-010	2
-7e-010	0
-6.98e-010	1
-6.96e-010	0
-6.94e-010	0
-6.92e-010	1
-6.9e-010	2
-6.88e-010	2
-6.86e-010	2
-6.84e-010	1
-6.82e-010	4
-6.8e-010	0
-6.78e-010	2
-6.76e-010	1
-6.74e-010	1
-6.72e-010	3
-6.7e-010	2
-6.68e-010	5
-6.66e-010	1
-6.64e-010	0
-6.62e-010	1
-6.6e-010	0
-6.58e-010	1
-6.56e-010	2
-6.54e-010	3
-6.52e-010	2
-6.5e-010	1
-6.48e-010	0
-6.46e-010	2
-6.44e-010	3
-6.42e-010	1
-6.4e-010	2
-6.38e-010	2
-6.36e-010	1
-6.34e-010	5
-6.32e-010	5
-6.3e-010	3
-6.28e-010	2
-6.26e-010	3
-6.24e-010	7
-6.22e-010	3
-6.2e-010	3
-6.18e-010	2
-6.16e-010	5
-6.14e-010	4
-6.12e-010	6
-6.1e-010	5
-6.08e-010	6
-6.06e-010	5
-6.04e-010	6
-6.02e-010	6
-6e-010	5
-5.98e-010	6
-5.96e-010	5
-5.94e-010	5
-5.92e-010	7
-5.9e-010	6
-5.88e-010	4
-5.86e-010	6
-5.84e-010	9
-5.82e-010	2
-5.8e-010	8
-5.78e-010	9
-5.76e-010	9
-5.74e-010	1
-5.72e-010	15
-5.7e-010	5
-5.68e-010	6
-5.66e-010	7
-5.64e-010	10
-5.62e-010	10
-5.6e-010	5
-5.58e-010	6
-5.56e-010	8
-5.54e-010	11
-5.52e-010	12
-5.5e-010	4
-5.48e-010	12
-5.46e-010	10
-5.44e-010	10
-5.42e-010	12
-5.4e-010	6
-5.38e-010	13
-5.36e-010	5
-5.34e-010	14
-5.32e-010	14
-5.3e-010	19
-5.28e-010	12
-5.26e-010	10
-5.24e-010	18
-5.22e-010	20
-5.2e-010	8
-5.18e-010	20
-5.16e-010	5
-5.14e-010	18
-5.12e-010	17
-5.1e-010	13
-5.08e-010	13
-5.06e-010	22
-5.04e-010	10
-5.02e-010	26
-5e-010	23
-4.98e-010	22
-4.96e-010	14
-4.94e-010	31
-4.92e-010	11
-4.9e-010	22
-4.88e-010	20
-4.86e-010	18
-4.84e-010	22
-4.82e-010	21
-4.8e-010	19
-4.78e-010	21
-4.76e-010	19
-4.74e-010	33
-4.72e-010	19
-4.7e-010	19
-4.68e-010	33
-4.66e-010	21
-4.64e-010	21
-4.62e-010	28
-4.6e-010	31
-4.58e-010	32
-4.56e-010	34
-4.54e-010	33
-4.52e-010	34
-4.5e-010	34
-4.48e-010	30
-4.46e-010	36
-4.44e-010	39
-4.42e-010	24
-4.4e-010	31
-4.38e-010	40
-4.36e-010	46
-4.34e-010	45
-4.32e-010	49
-4.3e-010	40
-4.28e-010	35
-4.26e-010	40
-4.24e-010	50
-4.22e-010	45
-4.2e-010	61
-4.18e-010	65
-4.16e-010	41
-4.14e-010	46
-4.12e-010	53
-4.1e-010	68
-4.08e-010	47
-4.06e-010	54
-4.04e-010	46
-4.02e-010	67
-4e-010	58
-3.98e-010	69
-3.96e-010	71
-3.94e-010	55
-3.92e-010	76
-3.9e-010	58
-3.88e-010	79
-3.86e-010	82
-3.84e-010	65
-3.82e-010	75
-3.8e-010	71
-3.78e-010	73
-3.76e-010	88
-3.74e-010	95
-3.72e-010	79
-3.7e-010	96
-3.68e-010	86
-3.66e-010	86
-3.64e-010	101
-3.62e-010	85
-3.6e-010	120
-3.58e-010	103
-3.56e-010	85
-3.54e-010	94
-3.52e-010	99
-3.5e-010	109
-3.48e-010	120
-3.46e-010	132
-3.44e-010	118
-3.42e-010	109
-3.4e-010	125
-3.38e-010	139
-3.36e-010	127
-3.34e-010	148
-3.32e-010	138
-3.3e-010	121
-3.28e-010	139
-3.26e-010	141
-3.24e-010	161
-3.22e-010	141
-3.2e-010	143
-3.18e-010	144
-3.16e-010	170
-3.14e-010	173
-3.12e-010	147
-3.1e-010	181
-3.08e-010	167
-3.06e-010	167
-3.04e-010	173
-3.02e-010	181
-3e-010	200
-2.98e-010	189
-2.96e-010	213
-2.94e-010	203
-2.92e-010	232
-2.9e-010	224
-2.88e-010	218
-2.86e-010	207
-2.84e-010	220
-2.82e-010	214
-2.8e-010	250
-2.78e-010	251
-2.76e-010	236
-2.74e-010	238
-2.72e-010	265
-2.7e-010	250
-2.68e-010	266
-2.66e-010	307
-2.64e-010	267
-2.62e-010	282
-2.6e-010	265
-2.58e-010	298
-2.56e-010	252
-2.54e-010	296
-2.52e-010	311
-2.5e-010	287
-2.48e-010	290
-2.46e-010	301
-2.44e-010	280
-2.42e-010	342
-2.4e-010	316
-2.38e-010	340
-2.36e-010	341
-2.34e-010	347
-2.32e-010	349
-2.3e-010	368
-2.28e-010	365
-2.26e-010	359
-2.24e-010	359
-2.22e-010	377
-2.2e-010	417
-2.18e-010	400
-2.16e-010	405
-2.14e-010	398
-2.12e-010	416
-2.1e-010	417
-2.08e-010	402
-2.06e-010	429
-2.04e-010	426
-2.02e-010	421
-2e-010	428
-1.98e-010	444
-1.96e-010	436
-1.94e-010	404
-1.92e-010	479
-1.9e-010	517
-1.88e-010	432
-1.86e-010	493
-1.84e-010	531
-1.82e-010	483
-1.8e-010	499
-1.78e-010	500
-1.76e-010	536
-1.74e-010	544
-1.72e-010	536
-1.7e-010	576
-1.68e-010	605
-1.66e-010	567
-1.64e-010	586
-1.62e-010	635
-1.6e-010	577
-1.58e-010	571
-1.56e-010	629
-1.54e-010	618
-1.52e-010	676
-1.5e-010	659
-1.48e-010	583
-1.46e-010	610
-1.44e-010	662
-1.42e-010	702
-1.4e-010	709
-1.38e-010	668
-1.36e-010	724
-1.34e-010	693
-1.32e-010	664
-1.3e-010	716
-1.28e-010	718
-1.26e-010	780
-1.24e-010	691
-1.22e-010	687
-1.2e-010	717
-1.18e-010	724
-1.16e-010	733
-1.14e-010	712
-1.12e-010	711
-1.1e-010	717
-1.08e-010	770
-1.06e-010	725
-1.04e-010	737
-1.02e-010	750
-1e-010	716
-9.8e-011	721
-9.6e-011	661
-9.4e-011	719
-9.2e-011	663
-9e-011	715
-8.8e-011	698
-8.6e-011	681
-8.4e-011	730
-8.2e-011	602
-8e-011	700
-7.8e-011	662
-7.6e-011	583
-7.4e-011	632
-7.2e-011	614
-7e-011	656
-6.8e-011	642
-6.6e-011	573
-6.4e-011	552
-6.2e-011	622
-6e-011	642
-5.8e-011	595
-5.6e-011	620
-5.4e-011	592
-5.2e-011	598
-5e-011	599
-4.8e-011	628
-4.6e-011	625
-4.4e-011	589
-4.2e-011	630
-4e-011	663
-3.8e-011	711
-3.6e-011	911
-3.4e-011	1199
-3.2e-011	1671
-3e-011	2294
-2.8e-011	3076
-2.6e-011	3424
-2.4e-011	3341
-2.2e-011	2955
-2e-011	2120
-1.8e-011	1463
-1.6e-011	888
-1.4e-011	562
-1.2e-011	405
-1e-011	283
-8e-012	186
-6e-012	123
-4e-012	69
-2e-012	50
-4.6e-024	33
2e-012	31
4e-012	23
6e-012	12
8e-012	4
1e-011	0
1.2e-011	6
1.4e-011	2
1.6e-011	0
1.8e-011	1
2e-011	0
2.2e-011	0
2.4e-011	1
2.6e-011	0
2.8e-011	0
3e-011	0
3.2e-011	0
3.4e-011	0
3.6e-011	0
3.8e-011	1
4e-011	0
4.2e-011	0
4.4e-011	0
4.6e-011	0
4.8e-011	1
5e-011	0
5.2e-011	0
5.4e-011	0
5.6e-011	0
5.8e-011	0
6e-011	1
6.2e-011	0
6.4e-011	0
6.6e-011	1
6.8e-011	0
7e-011	0
7.2e-011	0
7.4e-011	0
7.6e-011	0
7.8e-011	0
8e-011	0
8.2e-011	0
8.4e-011	0
8.6e-011	0
8.8e-011	0
9e-011	0
9.2e-011	0
9.4e-011	0
9.6e-011	0
9.8e-011	0
1e-010	0
1.02e-010	0
1.04e-010	0
1.06e-010	0
1.08e-010	0
1.1e-010	0
1.12e-010	0
1.14e-010	0
1.16e-010	0
1.18e-010	0
1.2e-010	0
1.22e-010	0
1.24e-010	0
1.26e-010	0
1.28e-010	0
1.3e-010	0
1.32e-010	0
1.34e-010	0
1.36e-010	0
1.38e-010	0
1.4e-010	0
1.42e-010	0
1.44e-010	0
1.46e-010	0
1.48e-010	0
1.5e-010	0
1.52e-010	0
1.54e-010	0
1.56e-010	0
1.58e-010	0
1.6e-010	0
1.62e-010	0
1.64e-010	0
1.66e-010	0
1.68e-010	0
1.7e-010	0
1.72e-010	0
1.74e-010	0
1.76e-010	0
1.78e-010	0
1.8e-010	0
1.82e-010	0
1.84e-010	0
1.86e-010	0
1.88e-010	0
1.9e-010	0
1.92e-010	0
1.94e-010	0
1.96e-010	0
1.98e-010	0
2e-010	0
2.02e-010	0
2.04e-010	0
2.06e-010	0
2.08e-010	0
2.1e-010	0
2.12e-010	0
2.14e-010	0
2.16e-010	0
2.18e-010	0
2.2e-010	0
2.22e-010	0
2.24e-010	0
2.26e-010	0
2.28e-010	0
2.3e-010	0
2.32e-010	0
2.34e-010	0
2.36e-010	0
2.38e-010	0
2.4e-010	0
2.42e-010	0
2.44e-010	0
2.46e-010	0
2.48e-010	0
2.5e-010	0
2.52e-010	0
2.54e-010	0
2.56e-010	0
2.58e-010	0
2.6e-010	0
2.62e-010	0
2.64e-010	0
2.66e-010	0
2.68e-010	0
2.7e-010	0
2.72e-010	0
2.74e-010	0
2.76e-010	0
2.78e-010	0
2.8e-010	0
2.82e-010	0
2.84e-010	0
2.86e-010	0
2.88e-010	0
2.9e-010	0
2.92e-010	0
2.94e-010	0
2.96e-010	0
2.98e-010	0
3e-010	0
3.02e-010	0
3.04e-010	0
3.06e-010	0
3.08e-010	0
3.1e-010	0
3.12e-010	0
3.14e-010	0
3.16e-010	0
3.18e-010	0
3.2e-010	0
3.22e-010	0
3.24e-010	0
3.26e-010	0
3.28e-010	0
3.3e-010	0
3.32e-010	0
3.34e-010	0
3.36e-010	0
3.38e-010	0
3.4e-010	0
3.42e-010	0
3.44e-010	0
3.46e-010	0
3.48e-010	0
3.5e-010	0
3.52e-010	0
3.54e-010	0
3.56e-010	0
3.58e-010	0
3.6e-010	0
3.62e-010	0
3.64e-010	0
3.66e-010	0
3.68e-010	0
3.7e-010	0
3.72e-010	0
3.74e-010	0
3.76e-010	0
3.78e-010	0
3.8e-010	0
3.82e-010	0
3.84e-010	0
3.86e-010	0
3.88e-010	0
3.9e-010	0
3.92e-010	0
3.94e-010	0
3.96e-010	0
3.98e-010	0
4e-010	0
4.02e-010	0
4.04e-010	0
4.06e-010	0
4.08e-010	0
4.1e-010	0
4.12e-010	0
4.14e-010	0
4.16e-010	0
4.18e-010	0
4.2e-010	0
4.22e-010	0
4.24e-010	0
4.26e-010	0
4.28e-010	0
4.3e-010	0
4.32e-010	0
4.34e-010	0
4.36e-010	0
4.38e-010	0
4.4e-010	0
4.42e-010	0
4.44e-010	0
4.46e-010	0
4.48e-010	0
4.5e-010	0
4.52e-010	0
4.54e-010	0
4.56e-010	0
4.58e-010	0
4.6e-010	0
4.62e-010	0
4.64e-010	0
4.66e-010	0
4.68e-010	0
4.7e-010	0
4.72e-010	0
4.74e-010	0
4.76e-010	0
4.78e-010	0
4.8e-010	0
4.82e-010	0
4.84e-010	0
4.86e-010	0
4.88e-010	0
4.9e-010	0
4.92e-010	0
4.94e-010	0
4.96e-010	0
4.98e-010	0
