LECROYWP735Zi	47716	Histogram
Segments	1	SegmentSize	1000
Segment	TrigTime	TimeSinceSegment1
#1	10-Jul-2025 18:42:00	0                 
Time	Ampl
-1.5e-009	0
-1.498e-009	0
-1.496e-009	0
-1.494e-009	0
-1.492e-009	0
-1.49e-009	0
-1.488e-009	0
-1.486e-009	0
-1.484e-009	0
-1.482e-009	0
-1.48e-009	0
-1.478e-009	0
-1.476e-009	0
-1.474e-009	0
-1.472e-009	0
-1.47e-009	0
-1.468e-009	0
-1.466e-009	0
-1.464e-009	0
-1.462e-009	0
-1.46e-009	0
-1.458e-009	0
-1.456e-009	0
-1.454e-009	0
-1.452e-009	0
-1.45e-009	0
-1.448e-009	0
-1.446e-009	0
-1.444e-009	0
-1.442e-009	0
-1.44e-009	0
-1.438e-009	0
-1.436e-009	0
-1.434e-009	0
-1.432e-009	0
-1.43e-009	0
-1.428e-009	0
-1.426e-009	0
-1.424e-009	0
-1.422e-009	0
-1.42e-009	0
-1.418e-009	0
-1.416e-009	0
-1.414e-009	0
-1.412e-009	0
-1.41e-009	0
-1.408e-009	0
-1.406e-009	0
-1.404e-009	0
-1.402e-009	0
-1.4e-009	0
-1.398e-009	0
-1.396e-009	0
-1.394e-009	0
-1.392e-009	0
-1.39e-009	0
-1.388e-009	0
-1.386e-009	0
-1.384e-009	0
-1.382e-009	0
-1.38e-009	0
-1.378e-009	0
-1.376e-009	0
-1.374e-009	0
-1.372e-009	0
-1.37e-009	0
-1.368e-009	0
-1.366e-009	0
-1.364e-009	0
-1.362e-009	0
-1.36e-009	0
-1.358e-009	0
-1.356e-009	0
-1.354e-009	0
-1.352e-009	0
-1.35e-009	0
-1.348e-009	0
-1.346e-009	0
-1.344e-009	0
-1.342e-009	0
-1.34e-009	0
-1.338e-009	0
-1.336e-009	0
-1.334e-009	0
-1.332e-009	0
-1.33e-009	0
-1.328e-009	0
-1.326e-009	0
-1.324e-009	0
-1.322e-009	0
-1.32e-009	0
-1.318e-009	0
-1.316e-009	0
-1.314e-009	0
-1.312e-009	0
-1.31e-009	0
-1.308e-009	0
-1.306e-009	0
-1.304e-009	0
-1.302e-009	0
-1.3e-009	0
-1.298e-009	0
-1.296e-009	0
-1.294e-009	0
-1.292e-009	0
-1.29e-009	0
-1.288e-009	0
-1.286e-009	0
-1.284e-009	0
-1.282e-009	0
-1.28e-009	0
-1.278e-009	0
-1.276e-009	0
-1.274e-009	0
-1.272e-009	0
-1.27e-009	0
-1.268e-009	0
-1.266e-009	0
-1.264e-009	0
-1.262e-009	0
-1.26e-009	0
-1.258e-009	0
-1.256e-009	0
-1.254e-009	0
-1.252e-009	0
-1.25e-009	0
-1.248e-009	0
-1.246e-009	0
-1.244e-009	0
-1.242e-009	0
-1.24e-009	0
-1.238e-009	0
-1.236e-009	0
-1.234e-009	0
-1.232e-009	0
-1.23e-009	0
-1.228e-009	0
-1.226e-009	0
-1.224e-009	0
-1.222e-009	0
-1.22e-009	0
-1.218e-009	0
-1.216e-009	0
-1.214e-009	0
-1.212e-009	0
-1.21e-009	0
-1.208e-009	0
-1.206e-009	0
-1.204e-009	0
-1.202e-009	0
-1.2e-009	0
-1.198e-009	0
-1.196e-009	0
-1.194e-009	0
-1.192e-009	0
-1.19e-009	0
-1.188e-009	0
-1.186e-009	0
-1.184e-009	0
-1.182e-009	0
-1.18e-009	0
-1.178e-009	0
-1.176e-009	0
-1.174e-009	0
-1.172e-009	0
-1.17e-009	0
-1.168e-009	0
-1.166e-009	0
-1.164e-009	0
-1.162e-009	0
-1.16e-009	0
-1.158e-009	0
-1.156e-009	0
-1.154e-009	0
-1.152e-009	0
-1.15e-009	0
-1.148e-009	0
-1.146e-009	0
-1.144e-009	0
-1.142e-009	0
-1.14e-009	0
-1.138e-009	0
-1.136e-009	0
-1.134e-009	0
-1.132e-009	0
-1.13e-009	0
-1.128e-009	0
-1.126e-009	0
-1.124e-009	0
-1.122e-009	0
-1.12e-009	0
-1.118e-009	0
-1.116e-009	0
-1.114e-009	0
-1.112e-009	0
-1.11e-009	0
-1.108e-009	0
-1.106e-009	0
-1.104e-009	0
-1.102e-009	0
-1.1e-009	0
-1.098e-009	0
-1.096e-009	0
-1.094e-009	0
-1.092e-009	0
-1.09e-009	0
-1.088e-009	0
-1.086e-009	0
-1.084e-009	0
-1.082e-009	0
-1.08e-009	0
-1.078e-009	0
-1.076e-009	0
-1.074e-009	0
-1.072e-009	0
-1.07e-009	0
-1.068e-009	0
-1.066e-009	0
-1.064e-009	0
-1.062e-009	0
-1.06e-009	0
-1.058e-009	0
-1.056e-009	0
-1.054e-009	0
-1.052e-009	0
-1.05e-009	0
-1.048e-009	0
-1.046e-009	0
-1.044e-009	0
-1.042e-009	0
-1.04e-009	0
-1.038e-009	0
-1.036e-009	0
-1.034e-009	0
-1.032e-009	0
-1.03e-009	0
-1.028e-009	0
-1.026e-009	0
-1.024e-009	0
-1.022e-009	0
-1.02e-009	0
-1.018e-009	0
-1.016e-009	0
-1.014e-009	0
-1.012e-009	0
-1.01e-009	0
-1.008e-009	0
-1.006e-009	0
-1.004e-009	0
-1.002e-009	0
-1e-009	0
-9.98e-010	0
-9.96e-010	0
-9.94e-010	0
-9.92e-010	0
-9.9e-010	0
-9.88e-010	0
-9.86e-010	0
-9.84e-010	0
-9.82e-010	0
-9.8e-010	0
-9.78e-010	0
-9.76e-010	0
-9.74e-010	0
-9.72e-010	0
-9.7e-010	0
-9.68e-010	0
-9.66e-010	0
-9.64e-010	0
-9.62e-010	0
-9.6e-010	0
-9.58e-010	0
-9.56e-010	0
-9.54e-010	0
-9.52e-010	0
-9.5e-010	0
-9.48e-010	0
-9.46e-010	0
-9.44e-010	0
-9.42e-010	0
-9.4e-010	0
-9.38e-010	0
-9.36e-010	0
-9.34e-010	0
-9.32e-010	0
-9.3e-010	0
-9.28e-010	0
-9.26e-010	0
-9.24e-010	0
-9.22e-010	0
-9.2e-010	0
-9.18e-010	0
-9.16e-010	0
-9.14e-010	0
-9.12e-010	0
-9.1e-010	0
-9.08e-010	0
-9.06e-010	0
-9.04e-010	0
-9.02e-010	0
-9e-010	0
-8.98e-010	0
-8.96e-010	0
-8.94e-010	0
-8.92e-010	0
-8.9e-010	0
-8.88e-010	0
-8.86e-010	0
-8.84e-010	0
-8.82e-010	0
-8.8e-010	0
-8.78e-010	0
-8.76e-010	0
-8.74e-010	0
-8.72e-010	0
-8.7e-010	0
-8.68e-010	0
-8.66e-010	0
-8.64e-010	0
-8.62e-010	0
-8.6e-010	0
-8.58e-010	0
-8.56e-010	0
-8.54e-010	0
-8.52e-010	0
-8.5e-010	0
-8.48e-010	0
-8.46e-010	0
-8.44e-010	0
-8.42e-010	0
-8.4e-010	0
-8.38e-010	0
-8.36e-010	0
-8.34e-010	0
-8.32e-010	0
-8.3e-010	0
-8.28e-010	0
-8.26e-010	0
-8.24e-010	0
-8.22e-010	0
-8.2e-010	0
-8.18e-010	0
-8.16e-010	0
-8.14e-010	0
-8.12e-010	0
-8.1e-010	0
-8.08e-010	0
-8.06e-010	0
-8.04e-010	0
-8.02e-010	0
-8e-010	0
-7.98e-010	0
-7.96e-010	0
-7.94e-010	0
-7.92e-010	0
-7.9e-010	0
-7.88e-010	0
-7.86e-010	0
-7.84e-010	0
-7.82e-010	0
-7.8e-010	0
-7.78e-010	0
-7.76e-010	0
-7.74e-010	0
-7.72e-010	0
-7.7e-010	0
-7.68e-010	0
-7.66e-010	0
-7.64e-010	0
-7.62e-010	0
-7.6e-010	0
-7.58e-010	0
-7.56e-010	0
-7.54e-010	0
-7.52e-010	0
-7.5e-010	0
-7.48e-010	0
-7.46e-010	0
-7.44e-010	0
-7.42e-010	0
-7.4e-010	0
-7.38e-010	0
-7.36e-010	0
-7.34e-010	0
-7.32e-010	0
-7.3e-010	0
-7.28e-010	0
-7.26e-010	0
-7.24e-010	0
-7.22e-010	0
-7.2e-010	0
-7.18e-010	0
-7.16e-010	0
-7.14e-010	0
-7.12e-010	0
-7.1e-010	0
-7.08e-010	0
-7.06e-010	0
-7.04e-010	0
-7.02e-010	0
-7e-010	0
-6.98e-010	0
-6.96e-010	0
-6.94e-010	0
-6.92e-010	0
-6.9e-010	0
-6.88e-010	0
-6.86e-010	0
-6.84e-010	0
-6.82e-010	0
-6.8e-010	0
-6.78e-010	0
-6.76e-010	0
-6.74e-010	0
-6.72e-010	0
-6.7e-010	0
-6.68e-010	0
-6.66e-010	0
-6.64e-010	0
-6.62e-010	0
-6.6e-010	0
-6.58e-010	0
-6.56e-010	0
-6.54e-010	0
-6.52e-010	0
-6.5e-010	0
-6.48e-010	0
-6.46e-010	0
-6.44e-010	0
-6.42e-010	0
-6.4e-010	0
-6.38e-010	0
-6.36e-010	0
-6.34e-010	0
-6.32e-010	0
-6.3e-010	0
-6.28e-010	0
-6.26e-010	0
-6.24e-010	0
-6.22e-010	0
-6.2e-010	0
-6.18e-010	0
-6.16e-010	0
-6.14e-010	0
-6.12e-010	0
-6.1e-010	0
-6.08e-010	0
-6.06e-010	0
-6.04e-010	0
-6.02e-010	0
-6e-010	0
-5.98e-010	0
-5.96e-010	0
-5.94e-010	0
-5.92e-010	0
-5.9e-010	0
-5.88e-010	0
-5.86e-010	0
-5.84e-010	0
-5.82e-010	0
-5.8e-010	0
-5.78e-010	0
-5.76e-010	0
-5.74e-010	0
-5.72e-010	0
-5.7e-010	0
-5.68e-010	0
-5.66e-010	0
-5.64e-010	0
-5.62e-010	0
-5.6e-010	0
-5.58e-010	0
-5.56e-010	0
-5.54e-010	0
-5.52e-010	0
-5.5e-010	0
-5.48e-010	0
-5.46e-010	0
-5.44e-010	0
-5.42e-010	0
-5.4e-010	0
-5.38e-010	0
-5.36e-010	0
-5.34e-010	0
-5.32e-010	0
-5.3e-010	0
-5.28e-010	0
-5.26e-010	0
-5.24e-010	0
-5.22e-010	0
-5.2e-010	0
-5.18e-010	0
-5.16e-010	0
-5.14e-010	0
-5.12e-010	0
-5.1e-010	0
-5.08e-010	1
-5.06e-010	0
-5.04e-010	0
-5.02e-010	0
-5e-010	0
-4.98e-010	0
-4.96e-010	0
-4.94e-010	0
-4.92e-010	0
-4.9e-010	0
-4.88e-010	0
-4.86e-010	1
-4.84e-010	0
-4.82e-010	0
-4.8e-010	0
-4.78e-010	0
-4.76e-010	0
-4.74e-010	0
-4.72e-010	0
-4.7e-010	1
-4.68e-010	2
-4.66e-010	0
-4.64e-010	1
-4.62e-010	1
-4.6e-010	1
-4.58e-010	0
-4.56e-010	0
-4.54e-010	1
-4.52e-010	1
-4.5e-010	0
-4.48e-010	1
-4.46e-010	1
-4.44e-010	2
-4.42e-010	2
-4.4e-010	1
-4.38e-010	1
-4.36e-010	1
-4.34e-010	1
-4.32e-010	5
-4.3e-010	8
-4.28e-010	5
-4.26e-010	3
-4.24e-010	4
-4.22e-010	7
-4.2e-010	5
-4.18e-010	6
-4.16e-010	12
-4.14e-010	9
-4.12e-010	10
-4.1e-010	7
-4.08e-010	10
-4.06e-010	12
-4.04e-010	14
-4.02e-010	7
-4e-010	6
-3.98e-010	19
-3.96e-010	17
-3.94e-010	18
-3.92e-010	10
-3.9e-010	17
-3.88e-010	18
-3.86e-010	16
-3.84e-010	17
-3.82e-010	18
-3.8e-010	30
-3.78e-010	17
-3.76e-010	21
-3.74e-010	31
-3.72e-010	25
-3.7e-010	42
-3.68e-010	35
-3.66e-010	31
-3.64e-010	32
-3.62e-010	36
-3.6e-010	39
-3.58e-010	34
-3.56e-010	52
-3.54e-010	35
-3.52e-010	44
-3.5e-010	59
-3.48e-010	56
-3.46e-010	58
-3.44e-010	62
-3.42e-010	50
-3.4e-010	50
-3.38e-010	51
-3.36e-010	71
-3.34e-010	48
-3.32e-010	69
-3.3e-010	59
-3.28e-010	62
-3.26e-010	72
-3.24e-010	77
-3.22e-010	72
-3.2e-010	76
-3.18e-010	78
-3.16e-010	72
-3.14e-010	75
-3.12e-010	74
-3.1e-010	94
-3.08e-010	111
-3.06e-010	93
-3.04e-010	93
-3.02e-010	97
-3e-010	100
-2.98e-010	91
-2.96e-010	101
-2.94e-010	104
-2.92e-010	109
-2.9e-010	97
-2.88e-010	102
-2.86e-010	116
-2.84e-010	116
-2.82e-010	115
-2.8e-010	107
-2.78e-010	137
-2.76e-010	106
-2.74e-010	121
-2.72e-010	158
-2.7e-010	131
-2.68e-010	118
-2.66e-010	140
-2.64e-010	123
-2.62e-010	160
-2.6e-010	169
-2.58e-010	164
-2.56e-010	170
-2.54e-010	159
-2.52e-010	187
-2.5e-010	200
-2.48e-010	195
-2.46e-010	203
-2.44e-010	216
-2.42e-010	188
-2.4e-010	192
-2.38e-010	223
-2.36e-010	223
-2.34e-010	216
-2.32e-010	257
-2.3e-010	243
-2.28e-010	264
-2.26e-010	256
-2.24e-010	258
-2.22e-010	265
-2.2e-010	269
-2.18e-010	301
-2.16e-010	274
-2.14e-010	302
-2.12e-010	302
-2.1e-010	316
-2.08e-010	298
-2.06e-010	314
-2.04e-010	324
-2.02e-010	351
-2e-010	340
-1.98e-010	380
-1.96e-010	398
-1.94e-010	360
-1.92e-010	408
-1.9e-010	410
-1.88e-010	405
-1.86e-010	451
-1.84e-010	436
-1.82e-010	401
-1.8e-010	411
-1.78e-010	464
-1.76e-010	442
-1.74e-010	462
-1.72e-010	492
-1.7e-010	486
-1.68e-010	539
-1.66e-010	475
-1.64e-010	514
-1.62e-010	519
-1.6e-010	494
-1.58e-010	529
-1.56e-010	568
-1.54e-010	631
-1.52e-010	600
-1.5e-010	550
-1.48e-010	629
-1.46e-010	665
-1.44e-010	628
-1.42e-010	631
-1.4e-010	664
-1.38e-010	691
-1.36e-010	718
-1.34e-010	714
-1.32e-010	749
-1.3e-010	715
-1.28e-010	784
-1.26e-010	809
-1.24e-010	773
-1.22e-010	820
-1.2e-010	764
-1.18e-010	831
-1.16e-010	852
-1.14e-010	870
-1.12e-010	762
-1.1e-010	858
-1.08e-010	895
-1.06e-010	876
-1.04e-010	898
-1.02e-010	897
-1e-010	926
-9.8e-011	930
-9.6e-011	841
-9.4e-011	924
-9.2e-011	904
-9e-011	977
-8.8e-011	925
-8.6e-011	941
-8.4e-011	977
-8.2e-011	994
-8e-011	1020
-7.8e-011	1050
-7.6e-011	1029
-7.4e-011	1025
-7.2e-011	957
-7e-011	1024
-6.8e-011	1038
-6.6e-011	987
-6.4e-011	973
-6.2e-011	978
-6e-011	963
-5.8e-011	931
-5.6e-011	903
-5.4e-011	880
-5.2e-011	894
-5e-011	837
-4.8e-011	811
-4.6e-011	798
-4.4e-011	834
-4.2e-011	734
-4e-011	758
-3.8e-011	770
-3.6e-011	791
-3.4e-011	703
-3.2e-011	665
-3e-011	719
-2.8e-011	698
-2.6e-011	756
-2.4e-011	1033
-2.2e-011	1361
-2e-011	2016
-1.8e-011	2739
-1.6e-011	3223
-1.4e-011	3611
-1.2e-011	3235
-1e-011	2374
-8e-012	1596
-6e-012	916
-4e-012	540
-2e-012	294
-4.807e-024	138
2e-012	79
4e-012	48
6e-012	10
8e-012	15
1e-011	5
1.2e-011	3
1.4e-011	0
1.6e-011	1
1.8e-011	1
2e-011	1
2.2e-011	1
2.4e-011	1
2.6e-011	0
2.8e-011	0
3e-011	1
3.2e-011	0
3.4e-011	0
3.6e-011	0
3.8e-011	0
4e-011	0
4.2e-011	0
4.4e-011	0
4.6e-011	0
4.8e-011	0
5e-011	0
5.2e-011	0
5.4e-011	1
5.6e-011	0
5.8e-011	0
6e-011	0
6.2e-011	0
6.4e-011	0
6.6e-011	0
6.8e-011	0
7e-011	0
7.2e-011	0
7.4e-011	0
7.6e-011	0
7.8e-011	0
8e-011	0
8.2e-011	0
8.4e-011	0
8.6e-011	0
8.8e-011	0
9e-011	0
9.2e-011	0
9.4e-011	0
9.6e-011	0
9.8e-011	0
1e-010	0
1.02e-010	0
1.04e-010	0
1.06e-010	0
1.08e-010	0
1.1e-010	0
1.12e-010	0
1.14e-010	0
1.16e-010	0
1.18e-010	0
1.2e-010	0
1.22e-010	0
1.24e-010	0
1.26e-010	0
1.28e-010	0
1.3e-010	0
1.32e-010	0
1.34e-010	0
1.36e-010	0
1.38e-010	0
1.4e-010	0
1.42e-010	0
1.44e-010	0
1.46e-010	0
1.48e-010	0
1.5e-010	0
1.52e-010	0
1.54e-010	0
1.56e-010	0
1.58e-010	0
1.6e-010	0
1.62e-010	0
1.64e-010	0
1.66e-010	0
1.68e-010	0
1.7e-010	0
1.72e-010	0
1.74e-010	0
1.76e-010	0
1.78e-010	0
1.8e-010	0
1.82e-010	0
1.84e-010	0
1.86e-010	0
1.88e-010	0
1.9e-010	0
1.92e-010	0
1.94e-010	0
1.96e-010	0
1.98e-010	0
2e-010	0
2.02e-010	0
2.04e-010	0
2.06e-010	0
2.08e-010	0
2.1e-010	0
2.12e-010	0
2.14e-010	0
2.16e-010	0
2.18e-010	0
2.2e-010	0
2.22e-010	0
2.24e-010	0
2.26e-010	0
2.28e-010	0
2.3e-010	0
2.32e-010	0
2.34e-010	0
2.36e-010	0
2.38e-010	0
2.4e-010	0
2.42e-010	0
2.44e-010	0
2.46e-010	0
2.48e-010	0
2.5e-010	0
2.52e-010	0
2.54e-010	0
2.56e-010	0
2.58e-010	0
2.6e-010	0
2.62e-010	0
2.64e-010	0
2.66e-010	0
2.68e-010	0
2.7e-010	0
2.72e-010	0
2.74e-010	0
2.76e-010	0
2.78e-010	0
2.8e-010	0
2.82e-010	0
2.84e-010	0
2.86e-010	0
2.88e-010	0
2.9e-010	0
2.92e-010	0
2.94e-010	0
2.96e-010	0
2.98e-010	0
3e-010	0
3.02e-010	0
3.04e-010	0
3.06e-010	0
3.08e-010	0
3.1e-010	0
3.12e-010	0
3.14e-010	0
3.16e-010	0
3.18e-010	0
3.2e-010	0
3.22e-010	0
3.24e-010	0
3.26e-010	0
3.28e-010	0
3.3e-010	0
3.32e-010	0
3.34e-010	0
3.36e-010	0
3.38e-010	0
3.4e-010	0
3.42e-010	0
3.44e-010	0
3.46e-010	0
3.48e-010	0
3.5e-010	0
3.52e-010	0
3.54e-010	0
3.56e-010	0
3.58e-010	0
3.6e-010	0
3.62e-010	0
3.64e-010	0
3.66e-010	0
3.68e-010	0
3.7e-010	0
3.72e-010	0
3.74e-010	0
3.76e-010	0
3.78e-010	0
3.8e-010	0
3.82e-010	0
3.84e-010	0
3.86e-010	0
3.88e-010	0
3.9e-010	0
3.92e-010	0
3.94e-010	0
3.96e-010	0
3.98e-010	0
4e-010	0
4.02e-010	0
4.04e-010	0
4.06e-010	0
4.08e-010	0
4.1e-010	0
4.12e-010	0
4.14e-010	0
4.16e-010	0
4.18e-010	0
4.2e-010	0
4.22e-010	0
4.24e-010	0
4.26e-010	0
4.28e-010	0
4.3e-010	0
4.32e-010	0
4.34e-010	0
4.36e-010	0
4.38e-010	0
4.4e-010	0
4.42e-010	0
4.44e-010	0
4.46e-010	0
4.48e-010	0
4.5e-010	0
4.52e-010	0
4.54e-010	0
4.56e-010	0
4.58e-010	0
4.6e-010	0
4.62e-010	0
4.64e-010	0
4.66e-010	0
4.68e-010	0
4.7e-010	0
4.72e-010	0
4.74e-010	0
4.76e-010	0
4.78e-010	0
4.8e-010	0
4.82e-010	0
4.84e-010	0
4.86e-010	0
4.88e-010	0
4.9e-010	0
4.92e-010	0
4.94e-010	0
4.96e-010	0
4.98e-010	0
