#LECROYWP735Zi	47716	Histogram
#Segments	1	SegmentSize	1000
#Segment	TrigTime	TimeSinceSegment1
#1	09-Jul-2025 16:40:03	0                 
#Time	Ampl
-8.3e-009	0
-8.29e-009	0
-8.28e-009	0
-8.27e-009	0
-8.26e-009	0
-8.25e-009	0
-8.24e-009	0
-8.23e-009	0
-8.22e-009	0
-8.21e-009	0
-8.2e-009	0
-8.19e-009	0
-8.18e-009	0
-8.17e-009	0
-8.16e-009	0
-8.15e-009	0
-8.14e-009	0
-8.13e-009	0
-8.12e-009	0
-8.11e-009	0
-8.1e-009	0
-8.09e-009	0
-8.08e-009	0
-8.07e-009	0
-8.06e-009	0
-8.05e-009	0
-8.04e-009	0
-8.03e-009	0
-8.02e-009	0
-8.01e-009	0
-8e-009	0
-7.99e-009	0
-7.98e-009	0
-7.97e-009	0
-7.96e-009	0
-7.95e-009	0
-7.94e-009	0
-7.93e-009	0
-7.92e-009	0
-7.91e-009	0
-7.9e-009	0
-7.89e-009	0
-7.88e-009	0
-7.87e-009	0
-7.86e-009	0
-7.85e-009	0
-7.84e-009	0
-7.83e-009	0
-7.82e-009	0
-7.81e-009	0
-7.8e-009	0
-7.79e-009	0
-7.78e-009	0
-7.77e-009	0
-7.76e-009	0
-7.75e-009	0
-7.74e-009	0
-7.73e-009	0
-7.72e-009	0
-7.71e-009	0
-7.7e-009	0
-7.69e-009	0
-7.68e-009	0
-7.67e-009	0
-7.66e-009	0
-7.65e-009	0
-7.64e-009	0
-7.63e-009	0
-7.62e-009	0
-7.61e-009	0
-7.6e-009	0
-7.59e-009	0
-7.58e-009	0
-7.57e-009	0
-7.56e-009	0
-7.55e-009	0
-7.54e-009	0
-7.53e-009	0
-7.52e-009	0
-7.51e-009	0
-7.5e-009	0
-7.49e-009	0
-7.48e-009	0
-7.47e-009	0
-7.46e-009	0
-7.45e-009	0
-7.44e-009	0
-7.43e-009	0
-7.42e-009	0
-7.41e-009	0
-7.4e-009	0
-7.39e-009	0
-7.38e-009	0
-7.37e-009	0
-7.36e-009	0
-7.35e-009	0
-7.34e-009	0
-7.33e-009	0
-7.32e-009	0
-7.31e-009	0
-7.3e-009	0
-7.29e-009	0
-7.28e-009	0
-7.27e-009	0
-7.26e-009	0
-7.25e-009	0
-7.24e-009	0
-7.23e-009	0
-7.22e-009	0
-7.21e-009	0
-7.2e-009	0
-7.19e-009	0
-7.18e-009	0
-7.17e-009	0
-7.16e-009	0
-7.15e-009	0
-7.14e-009	0
-7.13e-009	0
-7.12e-009	0
-7.11e-009	0
-7.1e-009	0
-7.09e-009	0
-7.08e-009	0
-7.07e-009	0
-7.06e-009	0
-7.05e-009	0
-7.04e-009	0
-7.03e-009	0
-7.02e-009	0
-7.01e-009	0
-7e-009	0
-6.99e-009	0
-6.98e-009	0
-6.97e-009	0
-6.96e-009	0
-6.95e-009	0
-6.94e-009	0
-6.93e-009	0
-6.92e-009	0
-6.91e-009	0
-6.9e-009	0
-6.89e-009	0
-6.88e-009	0
-6.87e-009	0
-6.86e-009	0
-6.85e-009	0
-6.84e-009	0
-6.83e-009	0
-6.82e-009	0
-6.81e-009	0
-6.8e-009	0
-6.79e-009	0
-6.78e-009	0
-6.77e-009	0
-6.76e-009	0
-6.75e-009	0
-6.74e-009	0
-6.73e-009	0
-6.72e-009	0
-6.71e-009	0
-6.7e-009	0
-6.69e-009	0
-6.68e-009	0
-6.67e-009	0
-6.66e-009	0
-6.65e-009	0
-6.64e-009	0
-6.63e-009	0
-6.62e-009	0
-6.61e-009	0
-6.6e-009	0
-6.59e-009	0
-6.58e-009	0
-6.57e-009	0
-6.56e-009	0
-6.55e-009	0
-6.54e-009	0
-6.53e-009	0
-6.52e-009	0
-6.51e-009	0
-6.5e-009	0
-6.49e-009	0
-6.48e-009	0
-6.47e-009	0
-6.46e-009	0
-6.45e-009	0
-6.44e-009	0
-6.43e-009	0
-6.42e-009	0
-6.41e-009	0
-6.4e-009	0
-6.39e-009	0
-6.38e-009	0
-6.37e-009	0
-6.36e-009	0
-6.35e-009	0
-6.34e-009	0
-6.33e-009	0
-6.32e-009	0
-6.31e-009	0
-6.3e-009	0
-6.29e-009	0
-6.28e-009	0
-6.27e-009	0
-6.26e-009	0
-6.25e-009	0
-6.24e-009	0
-6.23e-009	0
-6.22e-009	0
-6.21e-009	0
-6.2e-009	0
-6.19e-009	0
-6.18e-009	0
-6.17e-009	0
-6.16e-009	0
-6.15e-009	0
-6.14e-009	0
-6.13e-009	0
-6.12e-009	0
-6.11e-009	0
-6.1e-009	0
-6.09e-009	0
-6.08e-009	0
-6.07e-009	0
-6.06e-009	0
-6.05e-009	0
-6.04e-009	0
-6.03e-009	0
-6.02e-009	0
-6.01e-009	0
-6e-009	0
-5.99e-009	0
-5.98e-009	0
-5.97e-009	0
-5.96e-009	0
-5.95e-009	0
-5.94e-009	0
-5.93e-009	0
-5.92e-009	0
-5.91e-009	0
-5.9e-009	0
-5.89e-009	0
-5.88e-009	0
-5.87e-009	0
-5.86e-009	0
-5.85e-009	0
-5.84e-009	0
-5.83e-009	0
-5.82e-009	0
-5.81e-009	0
-5.8e-009	0
-5.79e-009	0
-5.78e-009	0
-5.77e-009	0
-5.76e-009	0
-5.75e-009	0
-5.74e-009	0
-5.73e-009	0
-5.72e-009	0
-5.71e-009	0
-5.7e-009	0
-5.69e-009	0
-5.68e-009	0
-5.67e-009	0
-5.66e-009	0
-5.65e-009	0
-5.64e-009	0
-5.63e-009	0
-5.62e-009	0
-5.61e-009	0
-5.6e-009	0
-5.59e-009	0
-5.58e-009	0
-5.57e-009	0
-5.56e-009	0
-5.55e-009	0
-5.54e-009	0
-5.53e-009	0
-5.52e-009	0
-5.51e-009	0
-5.5e-009	0
-5.49e-009	0
-5.48e-009	0
-5.47e-009	0
-5.46e-009	0
-5.45e-009	0
-5.44e-009	0
-5.43e-009	0
-5.42e-009	0
-5.41e-009	0
-5.4e-009	0
-5.39e-009	0
-5.38e-009	0
-5.37e-009	0
-5.36e-009	0
-5.35e-009	1
-5.34e-009	0
-5.33e-009	0
-5.32e-009	0
-5.31e-009	0
-5.3e-009	0
-5.29e-009	0
-5.28e-009	0
-5.27e-009	0
-5.26e-009	0
-5.25e-009	1
-5.24e-009	0
-5.23e-009	1
-5.22e-009	0
-5.21e-009	0
-5.2e-009	0
-5.19e-009	1
-5.18e-009	0
-5.17e-009	0
-5.16e-009	1
-5.15e-009	1
-5.14e-009	2
-5.13e-009	0
-5.12e-009	0
-5.11e-009	2
-5.1e-009	1
-5.09e-009	0
-5.08e-009	0
-5.07e-009	2
-5.06e-009	1
-5.05e-009	0
-5.04e-009	0
-5.03e-009	2
-5.02e-009	0
-5.01e-009	1
-5e-009	0
-4.99e-009	2
-4.98e-009	1
-4.97e-009	1
-4.96e-009	2
-4.95e-009	0
-4.94e-009	1
-4.93e-009	3
-4.92e-009	2
-4.91e-009	4
-4.9e-009	5
-4.89e-009	3
-4.88e-009	4
-4.87e-009	4
-4.86e-009	3
-4.85e-009	5
-4.84e-009	5
-4.83e-009	1
-4.82e-009	3
-4.81e-009	5
-4.8e-009	4
-4.79e-009	4
-4.78e-009	5
-4.77e-009	7
-4.76e-009	4
-4.75e-009	6
-4.74e-009	7
-4.73e-009	5
-4.72e-009	8
-4.71e-009	12
-4.7e-009	12
-4.69e-009	7
-4.68e-009	9
-4.67e-009	7
-4.66e-009	5
-4.65e-009	4
-4.64e-009	8
-4.63e-009	13
-4.62e-009	15
-4.61e-009	11
-4.6e-009	19
-4.59e-009	9
-4.58e-009	11
-4.57e-009	12
-4.56e-009	18
-4.55e-009	8
-4.54e-009	10
-4.53e-009	13
-4.52e-009	15
-4.51e-009	16
-4.5e-009	22
-4.49e-009	18
-4.48e-009	30
-4.47e-009	22
-4.46e-009	21
-4.45e-009	23
-4.44e-009	28
-4.43e-009	38
-4.42e-009	24
-4.41e-009	24
-4.4e-009	23
-4.39e-009	22
-4.38e-009	26
-4.37e-009	34
-4.36e-009	35
-4.35e-009	31
-4.34e-009	40
-4.33e-009	30
-4.32e-009	38
-4.31e-009	41
-4.3e-009	43
-4.29e-009	37
-4.28e-009	54
-4.27e-009	40
-4.26e-009	54
-4.25e-009	45
-4.24e-009	58
-4.23e-009	42
-4.22e-009	46
-4.21e-009	52
-4.2e-009	57
-4.19e-009	76
-4.18e-009	68
-4.17e-009	66
-4.16e-009	68
-4.15e-009	76
-4.14e-009	78
-4.13e-009	80
-4.12e-009	77
-4.11e-009	71
-4.1e-009	92
-4.09e-009	72
-4.08e-009	109
-4.07e-009	92
-4.06e-009	103
-4.05e-009	103
-4.04e-009	117
-4.03e-009	103
-4.02e-009	105
-4.01e-009	112
-4e-009	118
-3.99e-009	112
-3.98e-009	128
-3.97e-009	136
-3.96e-009	125
-3.95e-009	141
-3.94e-009	138
-3.93e-009	162
-3.92e-009	150
-3.91e-009	138
-3.9e-009	160
-3.89e-009	178
-3.88e-009	205
-3.87e-009	166
-3.86e-009	165
-3.85e-009	158
-3.84e-009	176
-3.83e-009	200
-3.82e-009	173
-3.81e-009	186
-3.8e-009	199
-3.79e-009	185
-3.78e-009	224
-3.77e-009	215
-3.76e-009	209
-3.75e-009	224
-3.74e-009	218
-3.73e-009	199
-3.72e-009	239
-3.71e-009	269
-3.7e-009	255
-3.69e-009	282
-3.68e-009	264
-3.67e-009	256
-3.66e-009	244
-3.65e-009	308
-3.64e-009	287
-3.63e-009	275
-3.62e-009	281
-3.61e-009	249
-3.6e-009	292
-3.59e-009	322
-3.58e-009	301
-3.57e-009	338
-3.56e-009	314
-3.55e-009	323
-3.54e-009	327
-3.53e-009	286
-3.52e-009	339
-3.51e-009	381
-3.5e-009	328
-3.49e-009	360
-3.48e-009	371
-3.47e-009	347
-3.46e-009	327
-3.45e-009	371
-3.44e-009	314
-3.43e-009	369
-3.42e-009	341
-3.41e-009	370
-3.4e-009	353
-3.39e-009	353
-3.38e-009	395
-3.37e-009	362
-3.36e-009	364
-3.35e-009	379
-3.34e-009	364
-3.33e-009	347
-3.32e-009	388
-3.31e-009	371
-3.3e-009	391
-3.29e-009	370
-3.28e-009	436
-3.27e-009	382
-3.26e-009	365
-3.25e-009	394
-3.24e-009	385
-3.23e-009	423
-3.22e-009	419
-3.21e-009	415
-3.2e-009	426
-3.19e-009	418
-3.18e-009	421
-3.17e-009	410
-3.16e-009	433
-3.15e-009	374
-3.14e-009	385
-3.13e-009	404
-3.12e-009	364
-3.11e-009	364
-3.1e-009	403
-3.09e-009	421
-3.08e-009	383
-3.07e-009	410
-3.06e-009	425
-3.05e-009	371
-3.04e-009	406
-3.03e-009	390
-3.02e-009	378
-3.01e-009	410
-3e-009	356
-2.99e-009	376
-2.98e-009	346
-2.97e-009	366
-2.96e-009	355
-2.95e-009	345
-2.94e-009	368
-2.93e-009	369
-2.92e-009	357
-2.91e-009	369
-2.9e-009	347
-2.89e-009	361
-2.88e-009	351
-2.87e-009	307
-2.86e-009	339
-2.85e-009	322
-2.84e-009	301
-2.83e-009	323
-2.82e-009	329
-2.81e-009	290
-2.8e-009	302
-2.79e-009	276
-2.78e-009	261
-2.77e-009	265
-2.76e-009	251
-2.75e-009	275
-2.74e-009	253
-2.73e-009	246
-2.72e-009	242
-2.71e-009	251
-2.7e-009	225
-2.69e-009	231
-2.68e-009	224
-2.67e-009	213
-2.66e-009	216
-2.65e-009	207
-2.64e-009	208
-2.63e-009	204
-2.62e-009	185
-2.61e-009	199
-2.6e-009	192
-2.59e-009	173
-2.58e-009	190
-2.57e-009	180
-2.56e-009	154
-2.55e-009	178
-2.54e-009	160
-2.53e-009	142
-2.52e-009	137
-2.51e-009	135
-2.5e-009	115
-2.49e-009	127
-2.48e-009	134
-2.47e-009	123
-2.46e-009	131
-2.45e-009	101
-2.44e-009	112
-2.43e-009	92
-2.42e-009	94
-2.41e-009	98
-2.4e-009	98
-2.39e-009	72
-2.38e-009	88
-2.37e-009	98
-2.36e-009	84
-2.35e-009	93
-2.34e-009	77
-2.33e-009	78
-2.32e-009	91
-2.31e-009	70
-2.3e-009	68
-2.29e-009	68
-2.28e-009	65
-2.27e-009	51
-2.26e-009	63
-2.25e-009	52
-2.24e-009	46
-2.23e-009	51
-2.22e-009	57
-2.21e-009	41
-2.2e-009	43
-2.19e-009	38
-2.18e-009	30
-2.17e-009	33
-2.16e-009	41
-2.15e-009	41
-2.14e-009	31
-2.13e-009	30
-2.12e-009	22
-2.11e-009	24
-2.1e-009	21
-2.09e-009	28
-2.08e-009	27
-2.07e-009	23
-2.06e-009	15
-2.05e-009	24
-2.04e-009	16
-2.03e-009	15
-2.02e-009	16
-2.01e-009	12
-2e-009	12
-1.99e-009	12
-1.98e-009	10
-1.97e-009	14
-1.96e-009	9
-1.95e-009	7
-1.94e-009	16
-1.93e-009	7
-1.92e-009	11
-1.91e-009	7
-1.9e-009	8
-1.89e-009	4
-1.88e-009	5
-1.87e-009	3
-1.86e-009	9
-1.85e-009	2
-1.84e-009	8
-1.83e-009	5
-1.82e-009	3
-1.81e-009	4
-1.8e-009	3
-1.79e-009	3
-1.78e-009	3
-1.77e-009	4
-1.76e-009	0
-1.75e-009	1
-1.74e-009	1
-1.73e-009	3
-1.72e-009	2
-1.71e-009	2
-1.7e-009	0
-1.69e-009	1
-1.68e-009	1
-1.67e-009	0
-1.66e-009	3
-1.65e-009	0
-1.64e-009	0
-1.63e-009	0
-1.62e-009	0
-1.61e-009	0
-1.6e-009	1
-1.59e-009	1
-1.58e-009	0
-1.57e-009	0
-1.56e-009	1
-1.55e-009	1
-1.54e-009	0
-1.53e-009	0
-1.52e-009	0
-1.51e-009	0
-1.5e-009	0
-1.49e-009	1
-1.48e-009	0
-1.47e-009	0
-1.46e-009	0
-1.45e-009	0
-1.44e-009	1
-1.43e-009	0
-1.42e-009	0
-1.41e-009	0
-1.4e-009	0
-1.39e-009	0
-1.38e-009	0
-1.37e-009	0
-1.36e-009	0
-1.35e-009	0
-1.34e-009	0
-1.33e-009	0
-1.32e-009	0
-1.31e-009	0
-1.3e-009	0
-1.29e-009	0
-1.28e-009	0
-1.27e-009	0
-1.26e-009	0
-1.25e-009	0
-1.24e-009	0
-1.23e-009	0
-1.22e-009	0
-1.21e-009	0
-1.2e-009	0
-1.19e-009	0
-1.18e-009	0
-1.17e-009	0
-1.16e-009	0
-1.15e-009	0
-1.14e-009	0
-1.13e-009	0
-1.12e-009	0
-1.11e-009	0
-1.1e-009	0
-1.09e-009	0
-1.08e-009	0
-1.07e-009	0
-1.06e-009	0
-1.05e-009	0
-1.04e-009	0
-1.03e-009	0
-1.02e-009	0
-1.01e-009	0
-1e-009	0
-9.9e-010	0
-9.8e-010	0
-9.7e-010	0
-9.6e-010	0
-9.5e-010	0
-9.4e-010	0
-9.3e-010	0
-9.2e-010	0
-9.1e-010	0
-9e-010	0
-8.9e-010	0
-8.8e-010	0
-8.7e-010	0
-8.6e-010	0
-8.5e-010	0
-8.4e-010	0
-8.3e-010	0
-8.2e-010	0
-8.1e-010	0
-8e-010	0
-7.9e-010	0
-7.8e-010	0
-7.7e-010	0
-7.6e-010	0
-7.5e-010	0
-7.4e-010	0
-7.3e-010	0
-7.2e-010	0
-7.1e-010	0
-7e-010	0
-6.9e-010	0
-6.8e-010	0
-6.7e-010	0
-6.6e-010	0
-6.5e-010	0
-6.4e-010	0
-6.3e-010	0
-6.2e-010	0
-6.1e-010	0
-6e-010	0
-5.9e-010	0
-5.8e-010	0
-5.7e-010	0
-5.6e-010	0
-5.5e-010	0
-5.4e-010	0
-5.3e-010	0
-5.2e-010	0
-5.1e-010	0
-5e-010	0
-4.9e-010	0
-4.8e-010	0
-4.7e-010	0
-4.6e-010	0
-4.5e-010	0
-4.4e-010	0
-4.3e-010	0
-4.2e-010	0
-4.1e-010	0
-4e-010	0
-3.9e-010	0
-3.8e-010	0
-3.7e-010	0
-3.6e-010	0
-3.5e-010	0
-3.4e-010	0
-3.3e-010	0
-3.2e-010	0
-3.1e-010	0
-3e-010	0
-2.9e-010	0
-2.8e-010	0
-2.7e-010	0
-2.6e-010	0
-2.5e-010	0
-2.4e-010	0
-2.3e-010	0
-2.2e-010	0
-2.1e-010	0
-2e-010	0
-1.9e-010	0
-1.8e-010	0
-1.7e-010	0
-1.6e-010	0
-1.5e-010	0
-1.4e-010	0
-1.3e-010	0
-1.2e-010	0
-1.1e-010	0
-1e-010	0
-9e-011	0
-8e-011	0
-7e-011	0
-6e-011	0
-5e-011	0
-4e-011	0
-3e-011	0
-2e-011	0
-1e-011	0
-8.262e-023	0
1e-011	0
2e-011	0
3e-011	0
4e-011	0
5e-011	0
6e-011	0
7e-011	0
8e-011	0
9e-011	0
1e-010	0
1.1e-010	0
1.2e-010	0
1.3e-010	0
1.4e-010	0
1.5e-010	0
1.6e-010	0
1.7e-010	0
1.8e-010	0
1.9e-010	0
2e-010	0
2.1e-010	0
2.2e-010	0
2.3e-010	0
2.4e-010	0
2.5e-010	0
2.6e-010	0
2.7e-010	0
2.8e-010	0
2.9e-010	0
3e-010	0
3.1e-010	0
3.2e-010	0
3.3e-010	0
3.4e-010	0
3.5e-010	0
3.6e-010	0
3.7e-010	0
3.8e-010	0
3.9e-010	0
4e-010	0
4.1e-010	0
4.2e-010	0
4.3e-010	0
4.4e-010	0
4.5e-010	0
4.6e-010	0
4.7e-010	0
4.8e-010	0
4.9e-010	0
5e-010	0
5.1e-010	0
5.2e-010	0
5.3e-010	0
5.4e-010	0
5.5e-010	0
5.6e-010	0
5.7e-010	0
5.8e-010	0
5.9e-010	0
6e-010	0
6.1e-010	0
6.2e-010	0
6.3e-010	0
6.4e-010	0
6.5e-010	0
6.6e-010	0
6.7e-010	0
6.8e-010	0
6.9e-010	0
7e-010	0
7.1e-010	0
7.2e-010	0
7.3e-010	0
7.4e-010	0
7.5e-010	0
7.6e-010	0
7.7e-010	0
7.8e-010	0
7.9e-010	0
8e-010	0
8.1e-010	0
8.2e-010	0
8.3e-010	0
8.4e-010	0
8.5e-010	0
8.6e-010	0
8.7e-010	0
8.8e-010	0
8.9e-010	0
9e-010	0
9.1e-010	0
9.2e-010	0
9.3e-010	0
9.4e-010	0
9.5e-010	0
9.6e-010	0
9.7e-010	0
9.8e-010	0
9.9e-010	0
1e-009	0
1.01e-009	0
1.02e-009	0
1.03e-009	0
1.04e-009	0
1.05e-009	0
1.06e-009	0
1.07e-009	0
1.08e-009	0
1.09e-009	0
1.1e-009	0
1.11e-009	0
1.12e-009	0
1.13e-009	0
1.14e-009	0
1.15e-009	0
1.16e-009	0
1.17e-009	0
1.18e-009	0
1.19e-009	0
1.2e-009	0
1.21e-009	0
1.22e-009	0
1.23e-009	0
1.24e-009	0
1.25e-009	0
1.26e-009	0
1.27e-009	0
1.28e-009	0
1.29e-009	0
1.3e-009	0
1.31e-009	0
1.32e-009	0
1.33e-009	0
1.34e-009	0
1.35e-009	0
1.36e-009	0
1.37e-009	0
1.38e-009	0
1.39e-009	0
1.4e-009	0
1.41e-009	0
1.42e-009	0
1.43e-009	0
1.44e-009	0
1.45e-009	0
1.46e-009	0
1.47e-009	0
1.48e-009	0
1.49e-009	0
1.5e-009	0
1.51e-009	0
1.52e-009	0
1.53e-009	0
1.54e-009	0
1.55e-009	0
1.56e-009	0
1.57e-009	0
1.58e-009	0
1.59e-009	0
1.6e-009	0
1.61e-009	0
1.62e-009	0
1.63e-009	0
1.64e-009	0
1.65e-009	0
1.66e-009	0
1.67e-009	0
1.68e-009	0
1.69e-009	0
